26

...-...---—-

111111 1111111111 1111111- 11111
in ' 111 31111111

111111. 111111. ³⁹¹¹· O‘f· 111111.

11111111, 1111111111 216111.187611111111111111 6111111111111111111ε
1111111, 11111 211111111873111111111111 1111111111
6111111111311111911111873611111111 1. 1111111111 11
1111111, 1111111 111111. 187111111111111 &efflffissgtb-
1111111, 11111111 28. 111111873111111111 (1111111111
61111111111111111 2111111870111111111 1111 11111111111111.
(11111111, 11111111 1. Rus 187111111111111111111111111.
11111, 61111, M R. 51111 1111111111 1111111111111111 11
11111 1111, 111111 261111 1873111111 11111111191111111.
111111, 111111 14. 1111111872 1111111111 15111111.
11111111, (11111 1311111872111111111 1. 1111111111111111
111111, 311111 261111187111161111111 111111111111111111.
1111111111, 11111111 3.111118731111111111111111111111111111111 111
. 1111111111 61111
1 111111.
1111111, 11111 17111. 1873111111111 1111111111
1111111111, 11611111121111.1874111111111 1111111111.
1111111111 18 11111187211111111 1111 15111111
11111111, 13111111 301111. 1871 6111111111 6111111111111 in
1111111, 1111111 111111 187111111111 1111111111ε finam

111111, 111111 11111118721111111111 11111111111111111111 ’

1111. 11.
111111, 11111111 231111111871111111111 (111111111111111.
11131Ῐ11ιὲ1111111111113. 1111. 1870111111 1111. 1111111111. 1

111

11111111, 1111111 111111187111111111111111 1111111111.
11111111, 61111 13.ξ111118701111111111 111111. .
11111111, 11111111 2861111873111111111 111111111.
1111111, 1111111111 361111. 18711111111111 111111111ῖί1.
111111, 131111 61111.1872111111111111116111111111.
1111111, 11111 2613111871311111111111 1111111111.
1111111111, 111. 11261111. 187111111111 , 1. 111111.
11111111, 11111 111111. 1871111111111111111111111111.
- 11111111111,1111111111611111 187311111111111 1. 81111ᾑ111111111 in

111111.
11111111111111111112111111 187211111111 01111111111111.

 

