88888ε8, 8ειι 8εῖ 8888888888888 8888 Dr. 8888, 8888888888 888 88888888
Anneium.

8888 8888888888 8888888 8888ειι 88888888 8ε8 8888888888 88888888
888888888888888888881888888ιὶ8. 888 888888 8888888888 78 888888
888 εῖ88ε 8888888 8888888888 888 ῖιιι 88888888888888 888 8888888
8888888888 888 88888888 ; 88 8888888 888 88888888888888 888 88888888
8888888 Ρ. 88888888 88888888ε8 8888888888.

8888 88888888 888 8888888888888 88888 888 88888888 8888888888.
888 88888888 88888888 ι8888888 88888888, 8888888888 8εῖ 1888888
888888 8888888888 A, 88888ε 8888 8888888888 8888888εῇ888 8888 ,

2. 8888888 1888 888. 12009. 8888888 888888 8888 ιιιι 888 8888 888 ει 888888 ,

88888 88 8888888888 εῖιιῖιιιι8; 8888 8888888888 88888 888888, 888. 888
11.Aat.=1.A 88888888 ,8888 888888 888888 8888 888. 8888888888888888888
8888 8888888 88 88888 unge 88888888 ιιι 8888 888. 88888ε88888888 8888888888
burg 888 88888888 8888888888. 888 888 8888888 8888. 888. tA=L VIbt 888. A.
8888888888 εῖ 88888888 8888888888888888 Ρ, 8888888 8888888888.
8888888888 8εῖ I. 88888188. 8888888. Β. 888888 888 um 1. Alai 8888
8888888888 8888888888 aum 8888888888888 88888888 88888ῖί88 8888888888
am 888888888888888888888,1888. 88888, 8888
888 888 88888888 8888 88888888 88 8881 (8888884888888 888 888
88888888 ιι betV. 888. 8-888 8888888. Β. 88888888. 888 8888888888 &enm
8888888 8888888 ιιι 88811 888. 888 8888888. Β. 888 888 88 tte 8888 ιιι
1188888888 88 8εῖ 8888888888’ 88 8εῖ V 88818-8. A 888 Β 8888 8888
8888888888 8888 888888888ίῖ1 ιιι 888 ΙΙ. 88888888. A. 888 ιιι 888 Ι. 18881.
888 B„ 88888 888 88888888 in 8εῖ V. AtAt. B. 88888ε 8εῖ 88888888
8888888888888888 888 83888888 888 8888ε888ι88888888888 8888 88888 8888888 ’
8888888, &tuna 588888 8888888, 8888888888.

(Aine 8888888888 888 8888888 888888 8888 16. 83888888 8. 888.
8888. 12704. 8ε888ε8 888 8888888888 888 88888888888888888, 888 8ε88 888
8888 888 88888888888888 Aah. 8888. 88888 (88888888888888881887888
8. 52) 88ιιι 888. 8888888888888 88888888 8888888888 8888888888888
“ εῖ8ε888 8888888 8888, 8888 8888888888 888 8888888888 88888888 8888888
8888888.

888188888888 8888888 8888888 88888 888 888888 8888888888
888 8888 88888 888888 8888888888, 888888ε 8888888888 888888 888εῖεῖ;
88888 88888888 88888 8888 (8888888888 88888888 8888888 88εΙΙε 8888
22. 8888888 8. 888. 888. 366. 8888 88888888 8888888888888 388888 888888
8888888888, 888888 εῖ 8888 8888 ciuem 888888 888888 8888888888 88
888888888888888888888 888888 8888888888 εῖ8ε888 88888.

 

