3199111 bet &astra
111
91919111. 9119999.

basiet, 39111
officinm, 11119111

ᾧεττηιαηῐι, 1111111

bolam), 89991
ῷ11111, 11199

3911, &tuna
119111, (111919
stow, 1111111
1119919, 301).
111998, 391.
1). sttempelhubet,
1199.
1111119991, {mne

81911111, 119111
8119111, Qun}
8111119, 891199
111998, 1111111
111991, 81111
1119191, {stig

1111911, 111191).
*mum 391999
11111, bugu
139919, 119191

11911. n. 1111111991,

11111911

1811199619, {wilhelm 4. 11191 187811111119

11911, &benhur
11971, (111919
1111111, 81111119
11111111, 8013.
11111, 1111119911
1111111, aufem)
699111, 11111).
611911119ιεί1, 11911
6119919199, wag

24. 111119 1877 899119

. 21111. 1878119911919

11111111·
9911191991

Μ· 19 mum.

oti.

9.ξ19911878119911919 199199911111991111. Α
11. Q. 18781ῥ1111εη 1. 8ῇ19919ἓ119118191 in
9911999.
24. 11911 1876119911191111 81911191 111 11919119
bnt? 1919191911991119.
231199187861119911111911). 1191191919. †
ffieairfssunffssuistfiot
19 1119981919.
18. 1199. 1877 8117119111119191 891191.
18119918778119111119 . 13199911. ,
281199. 1878 1111911199 1191τί11εῇ911.
28119918782111111199 1191191119. ·
17.1]119918781199111119 1191911111.. ’
11111191 187619111111 1. ῧ911191911191 19
11111119.
17111119 187811991991199111 (19919181991191 bet
11111. (1119919199.
brunum.
39199191. -
1919991111119111.
1191111199.
1. 1911919191.
1. 9111111119119991
91119119981119.
891911199111119.
119919. 1111191119.
1911199191.
1991119911.
1. 11191999989917ε
1191 19 119981. †
1. 1111191911
1199111919.
1111911911 119981.
1199111111
(111911191191119. †
1199119999.
1111119111 1111911919.

181191. 1876111111199
11. 111191877 1199811919
191199111878119911999
286191. 1878119981919
muni 18774⁵21uqssburq
1611911118768111119119191

5. 3911 1876111919
21. suli 18781191981999

2811191 1878119911919
11. 11911 18791119911199

28119111 1878 1199811119
2811191 1878 ῧ11111119
151199. 1879111111191
1311111. 18741119119919
281119. 1877sttumbut13
19.{5ebr. 18771119119911
20. DH. 1878119911919 [1911119911111.
27. San. 1876 6191111111 8191119111.
25811119187711919911199 1. 119171ωεί119 19
6191999119.

 

