19

1111111111111111111111111366111111(1111111111).

111111 1111111111 111 111111 1111111 1111111 11111111 111 1111111
1111111111111111 1111111 11111111 11111111 111 1111111111 111111 111111
1111 11111111111111111111. 2 &t

, 11111. 1111111111 111111111 40 (11111111.Ι 1111111111 1111111111
,111 1111111111 1111111111111 111 111111 1111111111 11111 111 11111

3111 1111111111111111111111111111311111111 111111111111-
111111 11111111111111 11111111111111 1111111111111111111 2 &t

1111. 11111111.

1. 11111111111111111.

1. 1111111111 1111111 111 28 61111111. 111111111111 111
11111111 1111 111 1111111111 1111 111 41111111 111 11111 41111111
11111 111 111111111111 111111111111111 1111 111 Dr. 3111111111111
611111. 261.

11. 1111111111 1111111 111 28 11111111. I. 11111. 11111 1111
11111111. 2 111. -

111. 1111111111 1111111 111 16 61111111. Π.- 111 111. ,11111
111 1111111111. 2111.

lV. 1111111111 1111111 111 10 1111111111. ΙΙΙ. 1111 IV. 11111
111 11111111. 2 &t

V. 11111111111111111111 10 1111111111. 1111111, 11111111 111
1111111111 111 (1111111111 111 11111. 111111 111 1111111111 11111
11111 111 1111111111. 2 61.

1111111111 111 1111111111111111111 3 61111111 1111 111 6111111
111 11111111 111 11111. 111111. ,

1111111111 111 (1111111111 111111111 4 11111111 1111 111 11111111
1111111111111 1111. 111111.

· 1111111111 111 (11111111111111 111111111 21111111 1111 111 11111111
, 111 11111111, 11111111 111 11111. 111111. 111 11111111 101 61111111.

Ι11111111 111111 111111 1111111111111 111111111111111111111111111
11111, 1111111,1111111,1111, 1111111111, 111111111111, 11111111. 11.
111 6111111111111111 1111111111111111 111 12111111, 12111111111111111,

’ 41111111, 31111111 111 2111111ἂὶ111 1111111111118111111111111

1111111 1111111111. (1111111111111111111111111 11111 1111111 1111
11111111111111111111, 111111111111111 1111111111 11 1111111111 111
1111111 1111 11111111 11111111 1111111111.
Ι1111. 1111111, 1111111111.
2 11

 

