.23

11111111111111 = 1111115. &faut
11 1111 31111111
11111111. 11111111. m· 9³¹· 111 Qum.

1111111, 1111111111 2111111 1871111111111 (1111111111.
11111111, 8111111 23.1111118711111111111 11111111ζεί111 in
118111.
(1111111111, &ugo 1111111870811111111 1.1111111111111111111.,
(1111111, 11111 8. 111. 1870 1111111111 1111111111.
11111, 311111 2811111870 1111111111 811111111111111.
111111, 1111111111 1111111. 18711111111111) 1. 8111111111 in
111111.
111111, 11111 10.1ἶ)11.18701>1111111111 1. 91ῗ1111ΰ1111ᾳ111 in
1111.
111111111111111111110.11111 1869 1111111111) 1111111111. 1 “
1111111, 11111111 1131111870111181111 1. 11111119111111.
1111111, 871111 21. 8111. 1870151111111 3111111111111111.
1111111111, 18111111.1981111118711111111111 11111111. 1
1111111111, 1111111. 1811111187011111 1. (51111111. 1
1111111, 11111111 711111187111111 11111111. .
11111111, 11111 2111111 18711111111111 11111111111111111.
1111111111, 3111111 2281111187111111111111 1111111111.
111111, 111111 2481111186918111111111111 8111111. 1
11111111, 81111 3111111118701111111111 8111111 1111111111(
1111111111, 81111 11811118701111111111111 111111111111111111.
8111, 1111111111 13111111872811111111 1, 811ξ111111ὲ111111111
in 111111.
81111111, &tuna 1611111870 1τὶ11111111 11111. 11111. 1
1111, 11111 11111118118111111 1111111111. ’
*11111111111111111 171111186311111 11111111.
111111, 11111111 21811111186911111111111) 1111111111 11811111.
sJJteibinget, 31111112211111118711111111111 8111)(15111111111111
in 111 11,
8111111, 8111111 15.ξ111.186918111111 15111111.ὃ g
8111111, 1111111 11311118681111111111 ’ 8111111 in 11111111.
8111111, &tuna 4111111187111111111111111 81111111111111111.
81111111, 8111111111 1411111 18718111118111111 11111111 1111111118Ξ
- me 11111111. 1
81111111, 01111 813111872611111111111). 1. 111111.
6111111111, 11111111 12. 11111871111111111 8111111111111111.
6111111111, 111811111187011111111 1111111111.
8111111111, 1111111 13.1Ι11111871111111111 1. 11111111ἰὸ11. 1
6111111, ῧτίεδτίπῐ) 11111181111111111 1. 8111111111111111
1111111111.
* = 1111111111. ’

 

