§am 111 mut 1 ρ 1 u t 1 ⁵· έ1111
in 111 31111111

11111111. 1111111. Μ· Μ· 1111111111.

1111, 1111111 91111111878111111111 611111111111111. †
11111, (111111 1111111111111111 1111111.
1111111111, 11111 41111. 1877 1111111111 111111111111111.
1111111, 11111 311111118761311111111 611111111111111.
6111111111, (11111 6. 911. 1875111111111 1111111111311111δ
111111 11.
61111, (111111 6.1]1111876111111111 1111191111. (1³1
(11111, 111111 1.6111.1876ξ111111111 11111111.
11111111, 311111 1161111875611111111) 11111111.
111111, 11111 811111187681111118111111 f. 1111111111.
111111, 11111111 811111. 187511111111 1111111111 11
1111111111 11111.
1111111111, 111111111411111118771111111111 11111111.
111111, 11111111) 2811111877111111111 1. 11111110111111.
«11111, 111111 1111118766111111111111 1111111 11 1111111111
111.
11111111, 1111111111 22111. 1877 1111111111 1. 1111111111.
11111, 1111111 111111875111111111 11111111111111
1111.
1111111111, 311111201111111876111111111 ' 1131111111
1111111111, 11111111 3.ξ111.1878111111111 11111. 11111. †
111111, 11111 111111181111111 111111.

11111111, 1111111 111111. 1875111111 1111111111111111111
- 11 1111111.
1111111111, 1111111 111111187811111111 1111111191 1111111 -
111111, 111111) 811111876111111111 3111111111.

11111111, 11111111 171111. 1876111111111 111111.
11111111, 11111111) 4. 5111. 18771111111111 1. (11111111111111111
11111111, 11111 261111187511111111 ἓαῇἰὲἓξῧῢηῖ9”
1311111111, 311111 61311. 1876111111111 111111.
11111. 11111111, (1111221111 1876 (11111111 8111111111.
*1111111111111111261111. 1876 1111111111 1. 11111111. †
11111111, 1111111111 13. 21111 18775111111111 1111111111 11111111.
11111, 11111 41111. 1877 1111111111 1111111111. †
11118111, 11111111 24.ξ1111187611111111111 11111. 8111111111 in
ἒ1111111111116111ι
11.
*1111111111 otto 111111. 1877 1111111 1111111ῗεί11.
1111111, 11111111 14111. 1876111111111111116111111.

 

