5

ψ.-

§chutu- , &¹³⁸⁶
1111 &abacti

111111 61111111111. 3²¹¹· Ι Qtt. 1111111111. ¹

*11]11111, &ugo 6111118681111111 t. 1111111111111.1
1111111111, 111111. 25. 8011. 1868 61111111 1111111111. †
11111111, 1111. 1111111118661111111111111 1111111111111. †
Dssmalb, 11111. 261111, 1868 1111111111 111111111111111111.
611111111111161. 51111118671111111111111 6111111111.

611111, 1111. 81111 18681111111111 111111.Ι 11111.
*wama 111111. 2811111. 18640111111111 111111111111111111, †
*6111111 111111). 11.ῧ111.18661>1111111111 15111111.

61111111, 111111 21611118681111111111 1. 1111111111111 11
1111111111.

6111111111111, 11,29.1]1111869111111111 01111111111111. †
611111, 111111 1131111867111111111 1111111111111.
11111, 11111. 111111 186711111111111 1111111111111.

3111, 1111. 111. 26. 3111. 18661311111111111Ε 15111111. ’
1111111

18111111, 11111 111111111866111111111 matheten
1

1111111111 118111118111111111111111, 1111111111 1111611111
111111, 11111111 111 111111111111111, 1111111 111 111111, 111 Θ1111111111Ῑ11111111 11
111 1. 111111. 1111111111. 11111111 * 1111111111181111111111111111 1111111111·
11111111111111111. 1111 61111111 gott 11111 111) 111 61111111111111 aum
61111111 111 1111111111 11 111111111111111 1111111111.

 

