45

..m-—

11111111 bet ὧ111111 · 9 ς 1 2. t 1 5- &taut
in 1111 Mum
11111111. 1111111. W· W· 111 (auru.

1111111911, 111111 111111111878111111)Ι 111111111111111111.
*1111111111 111111 91111118781111111111111 1111111.
(1111111111111111271111113187ὃὶ1111111 1. 111ῄῖ1ῖῇ1111 in
11111111.

(1111111111, 1111111111 2. San. 18781111ῑί11 (11111111111111.
111111, 111111 111111. 18751111111111 111111.
11111111, 111111 511111118781111181111 11111111.
1111111111,1111 511111. 18761111111111 11111111 in 11111

· 11111111.
1111111111111 1.ῧ11τ.1877111111111111 &ueni ’
ῷ1118111111 111111. 1111118761111111111111 11111111111111111111.1
betha-gen 111111 2411111877111111111 1111111111.

bow, &aaz 31. 311ss 187811111111 1111111111.

1111, otto 18. 11111878 11111111 1. 1111111111 in
111, 11111 1211111. 1877111111111 1οξ11191ῗ1ῡ1111τ1ῗῇτετ.
babet! 11111, 24. 311. 1878111111 1. 11. 1111111181111111111111

1111111111.
1111111, 1111111 191111111877111111111111 111111111ῧ11. Β
1111111, 111). 11111. 1.1111.1878,111111111 6111111111 11111111.
111111, 11111 271111. 18761111111111111 1111111111111111111.
1111111111, 1111115. 31111 1877111111111111111 &ingementem
11111111, 1111111111 1711111118771111111111 11111111111111111111.
*Q 11111 131111111111111111111 ῷαέιῗιῖῐξεῑῑέξῆετ in

11 α.
11111111, 11111 211111τᾶ1877 11111111111111 1111111111.
11111111, 1111111111 18. 111111878111181111 1111111111.
111111, &agen 13.ξ111118771111111111 1. 1111111111111111. †
1111111111),1111111 191111187611111111111 lefftlyefer in 11111Ε

1111
11111111111111 191111. 187811111111111 1111111111 in 11111

ut .†
11111111, 311111) 1611111876 11111111111111 611τεί111.
1111111111111 1781111877111911111 1111111111.
11111111, 3011. 1111. 18111111877111181111 111111ὂί111.
11111111, 1111111) 76111.187811111111111111 &monet 11111111.
1111111, 1111111 281111111878111111111 1111111111.
1111, ς11111111 181111. 1875ῧτί1111191111 6111111111
1111111, 8111 1.1111.1878111181111 1111111111.
13111111, &tuna 241111. 1877151111 ῧ11111τ.
11111111, &abana 216111. 1815111111111 1111111111.

 

