„1⁵-

11111111111 &cuntu- 11111
iu · 111 31111111
11111111. 1111111. 3111· 111· ’ 1111111111.

1111111 8111111 1 211111187311111111111 1131111111111111111.
1111111111. 81. Α...Ο28 1111187211111111 1111111111 1
1111111 11111 ’ (1.111111870111111111 811111111111.
1111111111 111111171311187011111111111151111111
8111111111 3111111 211111871111111111 3111111111. 1
11111111, 1111111 28.1111111871111111111 8111111.

11111111. 811111 91111. 1867111111 1111111 1111111111.
111111. 1111111 101111111872111111111 81111111111111. 1
(1111111111, 111111 281111111870811111111 Ξ1111111111111111111
61111111111111112Η6111187111111111 1111111111Ι111111111
Εῶ1111111111111 26111111187211111111111 1111111111,ἰῃ Qllssssh
&einer 11111118 20 1111111872111111111 11111111111111111
611111111111, (11111 29. 1111111870131111111111 1111111111]Γ
18111111 8111111 21111111871111111111 1111111111.

3111111111 11 11111111 1111 111 11111111 111 1111111811111111 in 1111111111 111.

--—--——---

(1111811111.

· 11111111 111 111111 1 3 3 3 3 1 3. 111111
in 11111 33111111 ’

11111111. 11111111. 3⁰¹¹· Qti. 111 11111111.

1111111111. 1111111 6.1]11118711111111111 8111111111.
11111. 13111 21111111871811111111 111111111111111.
181111. 111111 1. 111Ιί 1871 1811111111 1. 1111111111. 1
18111111, 111111 121111. 1873111111111 1111111111.
1811111111 11111111 11111111. 1873111111 8111111111 11 1111
11111.
11111111Ι1131111801.1111111872.1Ι1111111 3111111111. 1
1311111111 11111 13111111871181111 1111111111. 1
1111111. 11111 23. 111111 18735β11111111111111 1811111111111 1
1111111111 1111113 23111118701111111111111111111111111111
11 1111111111.

 

