4'1

———-——-

3711111 1111111111 Q ι 1 η t f 9. 11111 Α
in 111 31111111
11111111. 11111111. Μ· Off·

1111111111, 11111 28. 1311. 18763111111111 11111. 11111.
11111, 1111111111 221111111811111111111 311111111111 in
Dberbuujen.
81111111, 11111 10. th. 1877 1111111111 81111111111111111.
11111, 11111 28.111.1876111111 1111111111
111111, 1111 11111 1877 ’11111111 811111. 1
11111111, 11111111 261111.18781111111111111Ξ 1111111111 in
1111 11111111.
1111111111 3111111 187711111111 1111111111.
1111, 1111111 14111118773111111111 11111111 in 1111111111.
1111111, 1111 3011111118751111111111 15111111.
1111111, 11111111 141111111876111111111 1111111111.
ὶ6111115111111 15.1111111877111111111 811111.
61111111, 11111111 31.1111.1877111111111111 111111. 1
61111111, (111111 25. 1111. 1877 3111111111 1111111111,
Θ111111, 11111 211111. 1876 1111111111 1. 11111111111111111.
61111111, 1111 8611111877 1111111111 1. 1111111111. ¹
6111111111, 11111 111111187611111111 affl. 1. 11111111111111111
’ 1111111111.
1511111, 1111111111 1811111118766111111111 8111111111.
6111111, 111111 . 111111. 18751111111111 81111111 8111111111.
61111111, 1111111111 3,1111111876,1ἰ11111111 111111.
6111111111, 111111 15.11111118741Ι1111111 1111111111. 1
6111111111, 811111 21111118781111111 1111111111111
1111111111111111.
61111111, 11111111121111. 1876111111 1. 111111111111111111
in 1111111111
15111111, 111111 12· 1111 1877 1111111111 11111111111111111.
6111, 11111 29. 11ῑαὶ 1874 1111111111 11111111111111111
11111.
6111111, 1111111 1111118761111111111111 11111111.
6111111, 1111111 101111111875111111111111 3111111111111.1
6111111, 1111111111 1871111118761111111111 1. 11111111δ11ἐ111111
11811111.
ῧ111111111111 27-6111-18761111111111 11111111111ι11111ε
1111111111111111.
11111111, 1111111 171111. 187113111111111 81111111.
1111111111, 11. 181311,187711111111111111 1111111111. 1
1111111111, 31111112111111873111111111111 11111111,
1111111, otto 211111111876111111111111 1111111111 1161111

1111. 1

 

